1032
42694,22784,203,16153,103,9686,12637,1578,262,10843,11873,11051,769,1598,10436,524,9746,8649,3131,2567,1422,11324,44826,106646,68730,398978,466420


525 - Christopher Nolan
872585,577922,272,157336,320,155,352114,37472   0,1124,77,27205,49026,1368337

240 - Stanley Kubrick

247,185,345,967,600,10056,935,10165,3175,45314,45970,45966,694,62,802,975

5655 - Wes Anderson

1172676,1172674,1172675,923939,399174,11545,1259365,4538,1137350,542178,13685,747188

4762 - Paul Thomas Anderson

334,8052,8051,68722,171274,355600,1054867,400617,495449,536213,610120,704455,718032,1602349,4995,7345

1 - George Lucas

636,838,1893,1894,1895,204958,11

488 - Steven Spielberg

601,594,612,640,644,840,857,873,879,839,10110,5121,11519,11831,17578,72976,57212,85483,97105,110747,267935,296098,1198548,333339,391069,446354,399052,511809,793912,804095,15301,623110,1309288,217,11352,1275779,576510